4,9
4,9
4,5
4,9
4,5
4,5
4,9
4,9
4,9
4,5
4,9
4,9
2,2
4,5
4,9
4,9
4,9
2,2
4,5
2,2
4,9
4,5
1,3
4,9
4,9
6,4
4,9
4,9
6,4
4,9
4,9
1,3
4,5
4,9
4,5
4,9
4,9
4,5
2,2
4,9
4,9
4,9
6,9
4,5
4,5
4,9
4,9
1,3
6,9
6,9
4,9
4,9
4,5
6,4
4,9
4,5
4,5
4,9
6,9
6,9
1,3
4,9
4,5
6,4
6,4
6,9
6,9
1,3
4,5
4,9
4,5
6,9
4,9
4,5
4,5
2,2
4,9
6,9
2,2
4,5
2,2
1,3
4,9
6,9
4,5
4,5
4,9
4,9
2,2
4,5
1,3
4,9
4,5
6,9
4,5
4,9
6,9
4,9
4,9
4,9
4,9
4,5
4,9
6,4
4,5
4,9
4,9
4,9
4,5
4,5
4,9
4,9
4,9
4,9
4,9
4,5
4,5
6,9
4,9
4,9
4,9
4,9
4,5
4,9
4,9
6,9
2,2
6,9
4,9
4,5
4,9
4,9
4,9
4,9
6,9
4,9
4,9
4,9
6,4
1,3
4,9
4,5
2,2
4,9
4,9
4,5
4,9
2,2
4,9
4,5
6,4
4,9
6,9
4,9
4,9
6,4
4,9
6,4
4,5
6,9
1,3
6,4
4,9
4,5
6,4
4,9
4,9
4,5
4,9
4,5
6,9
4,5
6,9
2,2
4,9
4,5
6,4
4,9
1,3
4,9
4,5
6,9
2,2
4,9
4,5
4,9
6,9
4,9
4,5
4,5
4,5
4,9
6,4
4,9
4,9
4,6
4,6
4,6
1,3
6,4
1,3
4,9
4,9
4,5
4,9
1,3
4,9
6,9
6,9
4,9
4,9
4,5
4,5
2,2
1,3
4,5
4,9
4,9
4,5
4,9
4,5
4,9
4,5
4,9
6,9
4,9
1,3
4,9
4,5
4,5
4,9
6,9
6,9
4,5
4,9
6,9
4,5
2,2
6,9
4,9
4,9
4,9
6,4
4,9
6,9
1,3
6,9
4,9
4,9
2,2
4,9
6,9
4,9
4,9
4,5
4,9
